1 877 877,7 510 2,8 566 2,9 584 2,10 517 1,
2 839 839,3 564 1,4 551 2,5 553 1,6 506 1,8 501 1,9 595 2,10 520 2,11 536 1,
3 903 903,2 568 2,4 550 1,5 569 1,6 544 2,10 508 2,11 510 1,
4 916 916,2 515 2,3 524 2,5 541 1,6 523 2,
5 872 872,2 581 2,3 504 2,4 531 1,6 502 2,7 506 2,8 575 2,
6 920 920,2 526 1,3 570 1,4 587 1,5 525 1,8 567 2,9 503 1,
7 869 869,1 583 1,5 582 2,8 527 2,9 547 2,10 533 2,11 564 2,
8 810 810,1 594 1,2 595 1,5 565 2,6 527 1,7 507 1,9 520 1,10 595 2,11 531 2,
9 903 903,1 554 1,2 500 1,6 593 1,7 534 1,8 578 2,10 520 2,11 514 1,
10 938 938,1 526 2,2 577 1,3 571 1,7 525 1,8 570 1,9 559 2,11 575 2,
11 981 981,2 551 1,3 595 2,7 534 2,8 512 1,9 572 2,10 544 2,
