1 6 8 0 1 93 10 9 36 3 5 
2 9 7 1 4 99 5 6 32 6 1 
3 1 2 3 2 89 10 1 34 3 6 
4 7 1 8 2 86 8 3 31 3 4 
5 2 10 9 1 93 5 6 33 2 4 
6 6 11 10 5 86 7 5 31 4 6 
7 10 7 11 3 93 8 2 32 4 1 
8 11 3 12 1 80 5 3 36 4 2 
9 4 10 15 5 100 10 8 32 3 5 
10 3 1 18 2 84 8 7 35 3 4 
11 11 7 19 4 92 7 2 34 3 6 
12 1 3 21 4 87 10 8 34 2 6 
13 6 4 26 2 95 6 5 35 4 1 
14 1 4 28 5 80 9 5 34 6 1 
15 11 1 30 4 81 6 8 34 5 6 
16 7 10 32 3 99 10 5 34 6 3 
17 8 4 35 5 81 6 1 33 2 4 
18 8 9 35 3 86 10 1 36 1 4 
19 7 5 38 1 91 8 6 33 1 2 
20 9 3 39 3 85 8 5 32 4 6 
21 9 6 43 5 91 10 10 32 5 4 
22 6 2 46 4 96 9 1 34 6 5 
23 2 1 49 3 90 6 4 34 3 2 
24 5 3 52 1 99 5 6 32 6 1 
25 7 8 52 4 83 5 2 36 1 5 
26 4 1 55 3 88 9 10 32 4 5 
27 9 7 55 4 85 7 7 32 3 1 
28 10 4 57 4 92 7 10 32 6 5 
29 8 4 60 5 80 8 7 35 6 2 
30 11 1 64 1 81 10 1 32 4 1 
31 10 9 66 4 86 7 4 35 6 2 
32 2 1 68 3 82 8 2 34 5 1 
33 9 3 68 1 83 5 7 34 2 6 
34 6 1 70 2 87 7 1 32 3 1 
35 4 11 71 1 80 5 7 35 3 2 
36 9 5 72 3 94 6 5 33 6 1 
37 4 7 72 3 93 7 4 35 1 2 
38 5 7 73 1 83 6 6 32 1 6 
39 4 1 77 5 81 6 8 33 4 1 
40 10 7 78 2 88 8 9 36 3 1 
41 2 10 82 2 89 9 4 31 3 5 
42 10 8 82 2 84 6 4 34 5 3 
43 7 2 84 1 98 10 4 34 5 3 
44 10 8 88 3 92 9 7 36 1 4 
45 6 10 88 2 80 8 9 32 6 3 
46 3 2 88 3 98 10 8 34 5 2 
47 4 1 89 5 89 8 9 34 3 6 
48 10 8 91 5 81 6 9 33 4 5 
49 11 8 92 1 82 10 2 32 3 5 
50 1 9 94 3 100 10 9 35 6 3 
51 6 10 95 2 98 6 10 36 4 1 
52 3 1 97 4 92 6 8 31 4 2 
53 1 5 99 3 80 10 9 31 6 5 
54 7 9 100 2 86 7 1 34 2 6 
55 9 8 101 3 89 5 7 35 1 3 
56 6 10 104 5 82 9 4 35 4 2 
57 3 10 104 4 91 7 7 35 3 6 
58 7 1 107 1 86 6 9 33 4 6 
59 8 11 108 1 89 7 4 36 4 2 
60 9 4 111 2 92 7 8 31 4 6 
61 2 10 114 5 81 9 2 34 6 3 
62 1 6 116 4 81 5 6 32 5 3 
63 7 11 116 4 86 9 7 32 3 4 
64 6 8 117 1 90 10 8 35 2 6 
65 3 7 119 1 91 6 4 36 1 5 
66 4 7 120 5 85 8 3 33 4 5 
67 4 7 124 3 99 6 10 32 1 6 
68 8 2 126 3 97 8 7 31 5 6 
69 9 3 127 3 89 5 1 31 3 4 
70 8 4 129 3 100 10 7 36 2 4 
71 3 7 132 2 92 8 2 31 6 4 
72 8 6 135 2 84 7 8 34 6 1 
73 3 4 138 5 97 5 9 36 1 5 
74 2 1 139 5 89 10 4 35 3 6 
75 7 1 140 4 85 8 2 32 3 4 
76 7 11 143 2 100 10 8 34 2 3 
77 8 6 143 3 82 8 4 31 3 2 
78 4 9 145 4 90 5 3 34 2 6 
79 8 1 145 5 100 10 3 33 6 2 
80 3 6 146 1 93 7 1 31 4 6 
81 6 3 146 3 92 9 6 36 4 2 
82 3 11 148 3 89 5 5 36 1 4 
83 7 3 150 4 92 9 8 31 2 5 
84 7 3 153 3 99 10 5 31 6 3 
85 8 7 155 2 87 9 4 34 3 6 
86 4 10 157 1 84 9 1 35 4 2 
87 6 11 158 1 88 7 3 32 3 4 
88 5 2 161 1 85 9 6 34 5 2 
89 7 1 161 2 89 8 5 34 3 1 
90 4 1 162 4 93 8 10 35 3 1 
91 7 9 163 2 91 7 1 34 2 1 
92 5 11 165 4 88 9 5 31 5 4 
93 10 4 169 5 98 5 6 31 2 3 
94 4 3 170 4 86 5 2 36 4 5 
95 1 2 176 3 88 8 6 33 2 5 
96 11 2 177 2 90 8 9 31 6 2 
97 7 9 181 4 81 8 2 35 2 4 
98 4 8 185 5 84 9 2 32 5 6 
99 11 5 185 5 82 10 1 36 5 4 
100 7 11 187 3 82 10 7 33 4 6 
